1:3 5 7
2:11 12 17 19 23 29 31 53 71 83
3:101 991 997 211 353 401 479 503 673 881
4:9973 4999 9949 1009 8521 6427 5557 9001 9661 4507
5:99971 99989 99991 45061 87671 98663 55579 67867 94541 75913
6:100003 100019 100043 758941 852167 721619 642359 534647 364571 947027
7:1000003 1000033 1000037 4058519 5964551 6424609 7678661 8253461 9455437 9999463
9:10000019 10000079 10000103 20454589 39645569 46528817 58954229 67845241 78452141 99645503
10:4958673989 4958673457 5958673481 7958673473 7358673493 7358673493
11:18358673477 28358673493 38358673609 48358673507 58358673487 68358673457 78358673479
12:178358673463 278358673459 378358673479 478358673467 578358673507 678358673467 778358673461
13:1778358673471 2778358673479 3778358673457 4778358673483 5778358673467 6778358673461 7778358673469
14:17778358673479 27778358673517 37778358673477 47778358673477 57778358673467 67778358673457 77778358673473
15:177778358673551 277778358673469 377778358673467
16:1377778358673461 2377778358673469 3377778358673557
17:13377778358673481 23377778358673469
18:123377778358673483 223377778358673557
19:1223377778358673459 1223377778358673459